v 0.0000 -0.2000 2.7000
v 0.0000 -0.1679 2.7722
v 0.0000 -0.2128 2.8548
v 0.0000 -0.2892 2.9401
v 0.0000 -0.3516 3.0201
v 0.0000 -0.3545 3.0870
v 0.0000 -0.2525 3.1329
v 0.0000 0.0000 3.1500
v 0.0463 -0.1948 2.7000
v 0.0389 -0.1636 2.7722
v 0.0494 -0.2073 2.8548
v 0.0672 -0.2817 2.9401
v 0.0817 -0.3425 3.0201
v 0.0824 -0.3453 3.0870
v 0.0587 -0.2459 3.1329
v 0.0000 0.0000 3.1500
v 0.0886 -0.1799 2.7000
v 0.0745 -0.1511 2.7722
v 0.0945 -0.1915 2.8548
v 0.1284 -0.2603 2.9401
v 0.1562 -0.3165 3.0201
v 0.1575 -0.3191 3.0870
v 0.1122 -0.2273 3.1329
v 0.0000 0.0000 3.1500
v 0.1257 -0.1565 2.7000
v 0.1056 -0.1315 2.7722
v 0.1339 -0.1667 2.8548
v 0.1821 -0.2266 2.9401
v 0.2214 -0.2755 3.0201
v 0.2232 -0.2778 3.0870
v 0.1590 -0.1978 3.1329
v 0.0000 0.0000 3.1500
v 0.1565 -0.1257 2.7000
v 0.1315 -0.1056 2.7722
v 0.1667 -0.1339 2.8548
v 0.2266 -0.1821 2.9401
v 0.2755 -0.2214 3.0201
v 0.2778 -0.2232 3.0870
v 0.1978 -0.1590 3.1329
v 0.0000 0.0000 3.1500
v 0.1799 -0.0886 2.7000
v 0.1511 -0.0745 2.7722
v 0.1915 -0.0945 2.8548
v 0.2603 -0.1284 2.9401
v 0.3165 -0.1562 3.0201
v 0.3191 -0.1575 3.0870
v 0.2273 -0.1122 3.1329
v 0.0000 0.0000 3.1500
v 0.1948 -0.0463 2.7000
v 0.1636 -0.0389 2.7722
v 0.2073 -0.0494 2.8548
v 0.2817 -0.0672 2.9401
v 0.3425 -0.0817 3.0201
v 0.3453 -0.0824 3.0870
v 0.2459 -0.0587 3.1329
v 0.0000 0.0000 3.1500
v 0.2000 0.0000 2.7000
v 0.1679 0.0000 2.7722
v 0.2128 0.0000 2.8548
v 0.2892 0.0000 2.9401
v 0.3516 0.0000 3.0201
v 0.3545 0.0000 3.0870
v 0.2525 0.0000 3.1329
v 0.0000 0.0000 3.1500
v -0.2000 0.0000 2.7000
v -0.1679 0.0000 2.7722
v -0.2128 0.0000 2.8548
v -0.2892 0.0000 2.9401
v -0.3516 0.0000 3.0201
v -0.3545 0.0000 3.0870
v -0.2525 0.0000 3.1329
v 0.0000 0.0000 3.1500
v -0.1948 -0.0463 2.7000
v -0.1636 -0.0389 2.7722
v -0.2073 -0.0494 2.8548
v -0.2817 -0.0672 2.9401
v -0.3425 -0.0817 3.0201
v -0.3453 -0.0824 3.0870
v -0.2459 -0.0587 3.1329
v 0.0000 0.0000 3.1500
v -0.1799 -0.0886 2.7000
v -0.1511 -0.0745 2.7722
v -0.1915 -0.0945 2.8548
v -0.2603 -0.1284 2.9401
v -0.3165 -0.1562 3.0201
v -0.3191 -0.1575 3.0870
v -0.2273 -0.1122 3.1329
v 0.0000 0.0000 3.1500
v -0.1565 -0.1257 2.7000
v -0.1315 -0.1056 2.7722
v -0.1667 -0.1339 2.8548
v -0.2266 -0.1821 2.9401
v -0.2755 -0.2214 3.0201
v -0.2778 -0.2232 3.0870
v -0.1978 -0.1590 3.1329
v 0.0000 0.0000 3.1500
v -0.1257 -0.1565 2.7000
v -0.1056 -0.1315 2.7722
v -0.1339 -0.1667 2.8548
v -0.1821 -0.2266 2.9401
v -0.2214 -0.2755 3.0201
v -0.2232 -0.2778 3.0870
v -0.1590 -0.1978 3.1329
v 0.0000 0.0000 3.1500
v -0.0886 -0.1799 2.7000
v -0.0745 -0.1511 2.7722
v -0.0945 -0.1915 2.8548
v -0.1284 -0.2603 2.9401
v -0.1562 -0.3165 3.0201
v -0.1575 -0.3191 3.0870
v -0.1122 -0.2273 3.1329
v 0.0000 0.0000 3.1500
v -0.0463 -0.1948 2.7000
v -0.0389 -0.1636 2.7722
v -0.0494 -0.2073 2.8548
v -0.0672 -0.2817 2.9401
v -0.0817 -0.3425 3.0201
v -0.0824 -0.3453 3.0870
v -0.0587 -0.2459 3.1329
v 0.0000 0.0000 3.1500
v 0.0000 -0.2000 2.7000
v 0.0000 -0.1679 2.7722
v 0.0000 -0.2128 2.8548
v 0.0000 -0.2892 2.9401
v 0.0000 -0.3516 3.0201
v 0.0000 -0.3545 3.0870
v 0.0000 -0.2525 3.1329
v 0.0000 0.0000 3.1500
v 0.0000 0.2000 2.7000
v 0.0000 0.1679 2.7722
v 0.0000 0.2128 2.8548
v 0.0000 0.2892 2.9401
v 0.0000 0.3516 3.0201
v 0.0000 0.3545 3.0870
v 0.0000 0.2525 3.1329
v 0.0000 0.0000 3.1500
v -0.0463 0.1948 2.7000
v -0.0389 0.1636 2.7722
v -0.0494 0.2073 2.8548
v -0.0672 0.2817 2.9401
v -0.0817 0.3425 3.0201
v -0.0824 0.3453 3.0870
v -0.0587 0.2459 3.1329
v 0.0000 0.0000 3.1500
v -0.0886 0.1799 2.7000
v -0.0745 0.1511 2.7722
v -0.0945 0.1915 2.8548
v -0.1284 0.2603 2.9401
v -0.1562 0.3165 3.0201
v -0.1575 0.3191 3.0870
v -0.1122 0.2273 3.1329
v 0.0000 0.0000 3.1500
v -0.1257 0.1565 2.7000
v -0.1056 0.1315 2.7722
v -0.1339 0.1667 2.8548
v -0.1821 0.2266 2.9401
v -0.2214 0.2755 3.0201
v -0.2232 0.2778 3.0870
v -0.1590 0.1978 3.1329
v 0.0000 0.0000 3.1500
v -0.1565 0.1257 2.7000
v -0.1315 0.1056 2.7722
v -0.1667 0.1339 2.8548
v -0.2266 0.1821 2.9401
v -0.2755 0.2214 3.0201
v -0.2778 0.2232 3.0870
v -0.1978 0.1590 3.1329
v 0.0000 0.0000 3.1500
v -0.1799 0.0886 2.7000
v -0.1511 0.0745 2.7722
v -0.1915 0.0945 2.8548
v -0.2603 0.1284 2.9401
v -0.3165 0.1562 3.0201
v -0.3191 0.1575 3.0870
v -0.2273 0.1122 3.1329
v 0.0000 0.0000 3.1500
v -0.1948 0.0463 2.7000
v -0.1636 0.0389 2.7722
v -0.2073 0.0494 2.8548
v -0.2817 0.0672 2.9401
v -0.3425 0.0817 3.0201
v -0.3453 0.0824 3.0870
v -0.2459 0.0587 3.1329
v 0.0000 0.0000 3.1500
v -0.2000 0.0000 2.7000
v -0.1679 0.0000 2.7722
v -0.2128 0.0000 2.8548
v -0.2892 0.0000 2.9401
v -0.3516 0.0000 3.0201
v -0.3545 0.0000 3.0870
v -0.2525 0.0000 3.1329
v 0.0000 0.0000 3.1500
v 0.2000 0.0000 2.7000
v 0.1679 0.0000 2.7722
v 0.2128 0.0000 2.8548
v 0.2892 0.0000 2.9401
v 0.3516 0.0000 3.0201
v 0.3545 0.0000 3.0870
v 0.2525 0.0000 3.1329
v 0.0000 0.0000 3.1500
v 0.1948 0.0463 2.7000
v 0.1636 0.0389 2.7722
v 0.2073 0.0494 2.8548
v 0.2817 0.0672 2.9401
v 0.3425 0.0817 3.0201
v 0.3453 0.0824 3.0870
v 0.2459 0.0587 3.1329
v 0.0000 0.0000 3.1500
v 0.1799 0.0886 2.7000
v 0.1511 0.0745 2.7722
v 0.1915 0.0945 2.8548
v 0.2603 0.1284 2.9401
v 0.3165 0.1562 3.0201
v 0.3191 0.1575 3.0870
v 0.2273 0.1122 3.1329
v 0.0000 0.0000 3.1500
v 0.1565 0.1257 2.7000
v 0.1315 0.1056 2.7722
v 0.1667 0.1339 2.8548
v 0.2266 0.1821 2.9401
v 0.2755 0.2214 3.0201
v 0.2778 0.2232 3.0870
v 0.1978 0.1590 3.1329
v 0.0000 0.0000 3.1500
v 0.1257 0.1565 2.7000
v 0.1056 0.1315 2.7722
v 0.1339 0.1667 2.8548
v 0.1821 0.2266 2.9401
v 0.2214 0.2755 3.0201
v 0.2232 0.2778 3.0870
v 0.1590 0.1978 3.1329
v 0.0000 0.0000 3.1500
v 0.0886 0.1799 2.7000
v 0.0745 0.1511 2.7722
v 0.0945 0.1915 2.8548
v 0.1284 0.2603 2.9401
v 0.1562 0.3165 3.0201
v 0.1575 0.3191 3.0870
v 0.1122 0.2273 3.1329
v 0.0000 0.0000 3.1500
v 0.0463 0.1948 2.7000
v 0.0389 0.1636 2.7722
v 0.0494 0.2073 2.8548
v 0.0672 0.2817 2.9401
v 0.0817 0.3425 3.0201
v 0.0824 0.3453 3.0870
v 0.0587 0.2459 3.1329
v 0.0000 0.0000 3.1500
v 0.0000 0.2000 2.7000
v 0.0000 0.1679 2.7722
v 0.0000 0.2128 2.8548
v 0.0000 0.2892 2.9401
v 0.0000 0.3516 3.0201
v 0.0000 0.3545 3.0870
v 0.0000 0.2525 3.1329
v 0.0000 0.0000 3.1500
v 0.0000 -1.3000 2.4000
v 0.0000 -1.2496 2.4560
v 0.0000 -1.1169 2.4988
v 0.0000 -0.9300 2.5338
v 0.0000 -0.7169 2.5662
v 0.0000 -0.5055 2.6012
v 0.0000 -0.3239 2.6440
v 0.0000 -0.2000 2.7000
v 0.3012 -1.2662 2.4000
v 0.2895 -1.2171 2.4560
v 0.2588 -1.0879 2.4988
v 0.2155 -0.9058 2.5338
v 0.1661 -0.6983 2.5662
v 0.1171 -0.4924 2.6012
v 0.0751 -0.3155 2.6440
v 0.0463 -0.1948 2.7000
v 0.5761 -1.1696 2.4000
v 0.5537 -1.1242 2.4560
v 0.4950 -1.0049 2.4988
v 0.4121 -0.8368 2.5338
v 0.3177 -0.6450 2.5662
v 0.2240 -0.4548 2.6012
v 0.1435 -0.2914 2.6440
v 0.0886 -0.1799 2.7000
v 0.8173 -1.0176 2.4000
v 0.7856 -0.9781 2.4560
v 0.7022 -0.8743 2.4988
v 0.5847 -0.7280 2.5338
v 0.4507 -0.5612 2.5662
v 0.3178 -0.3957 2.6012
v 0.2036 -0.2535 2.6440
v 0.1257 -0.1565 2.7000
v 1.0176 -0.8173 2.4000
v 0.9781 -0.7856 2.4560
v 0.8743 -0.7022 2.4988
v 0.7280 -0.5847 2.5338
v 0.5612 -0.4507 2.5662
v 0.3957 -0.3178 2.6012
v 0.2535 -0.2036 2.6440
v 0.1565 -0.1257 2.7000
v 1.1696 -0.5761 2.4000
v 1.1242 -0.5537 2.4560
v 1.0049 -0.4950 2.4988
v 0.8368 -0.4121 2.5338
v 0.6450 -0.3177 2.5662
v 0.4548 -0.2240 2.6012
v 0.2914 -0.1435 2.6440
v 0.1799 -0.0886 2.7000
v 1.2662 -0.3012 2.4000
v 1.2171 -0.2895 2.4560
v 1.0879 -0.2588 2.4988
v 0.9058 -0.2155 2.5338
v 0.6983 -0.1661 2.5662
v 0.4924 -0.1171 2.6012
v 0.3155 -0.0751 2.6440
v 0.1948 -0.0463 2.7000
v 1.3000 0.0000 2.4000
v 1.2496 0.0000 2.4560
v 1.1169 0.0000 2.4988
v 0.9300 0.0000 2.5338
v 0.7169 0.0000 2.5662
v 0.5055 0.0000 2.6012
v 0.3239 0.0000 2.6440
v 0.2000 0.0000 2.7000
v -1.3000 0.0000 2.4000
v -1.2496 0.0000 2.4560
v -1.1169 0.0000 2.4988
v -0.9300 0.0000 2.5338
v -0.7169 0.0000 2.5662
v -0.5055 0.0000 2.6012
v -0.3239 0.0000 2.6440
v -0.2000 0.0000 2.7000
v -1.2662 -0.3012 2.4000
v -1.2171 -0.2895 2.4560
v -1.0879 -0.2588 2.4988
v -0.9058 -0.2155 2.5338
v -0.6983 -0.1661 2.5662
v -0.4924 -0.1171 2.6012
v -0.3155 -0.0751 2.6440
v -0.1948 -0.0463 2.7000
v -1.1696 -0.5761 2.4000
v -1.1242 -0.5537 2.4560
v -1.0049 -0.4950 2.4988
v -0.8368 -0.4121 2.5338
v -0.6450 -0.3177 2.5662
v -0.4548 -0.2240 2.6012
v -0.2914 -0.1435 2.6440
v -0.1799 -0.0886 2.7000
v -1.0176 -0.8173 2.4000
v -0.9781 -0.7856 2.4560
v -0.8743 -0.7022 2.4988
v -0.7280 -0.5847 2.5338
v -0.5612 -0.4507 2.5662
v -0.3957 -0.3178 2.6012
v -0.2535 -0.2036 2.6440
v -0.1565 -0.1257 2.7000
v -0.8173 -1.0176 2.4000
v -0.7856 -0.9781 2.4560
v -0.7022 -0.8743 2.4988
v -0.5847 -0.7280 2.5338
v -0.4507 -0.5612 2.5662
v -0.3178 -0.3957 2.6012
v -0.2036 -0.2535 2.6440
v -0.1257 -0.1565 2.7000
v -0.5761 -1.1696 2.4000
v -0.5537 -1.1242 2.4560
v -0.4950 -1.0049 2.4988
v -0.4121 -0.8368 2.5338
v -0.3177 -0.6450 2.5662
v -0.2240 -0.4548 2.6012
v -0.1435 -0.2914 2.6440
v -0.0886 -0.1799 2.7000
v -0.3012 -1.2662 2.4000
v -0.2895 -1.2171 2.4560
v -0.2588 -1.0879 2.4988
v -0.2155 -0.9058 2.5338
v -0.1661 -0.6983 2.5662
v -0.1171 -0.4924 2.6012
v -0.0751 -0.3155 2.6440
v -0.0463 -0.1948 2.7000
v 0.0000 -1.3000 2.4000
v 0.0000 -1.2496 2.4560
v 0.0000 -1.1169 2.4988
v 0.0000 -0.9300 2.5338
v 0.0000 -0.7169 2.5662
v 0.0000 -0.5055 2.6012
v 0.0000 -0.3239 2.6440
v 0.0000 -0.2000 2.7000
v 0.0000 1.3000 2.4000
v 0.0000 1.2496 2.4560
v 0.0000 1.1169 2.4988
v 0.0000 0.9300 2.5338
v 0.0000 0.7169 2.5662
v 0.0000 0.5055 2.6012
v 0.0000 0.3239 2.6440
v 0.0000 0.2000 2.7000
v -0.3012 1.2662 2.4000
v -0.2895 1.2171 2.4560
v -0.2588 1.0879 2.4988
v -0.2155 0.9058 2.5338
v -0.1661 0.6983 2.5662
v -0.1171 0.4924 2.6012
v -0.0751 0.3155 2.6440
v -0.0463 0.1948 2.7000
v -0.5761 1.1696 2.4000
v -0.5537 1.1242 2.4560
v -0.4950 1.0049 2.4988
v -0.4121 0.8368 2.5338
v -0.3177 0.6450 2.5662
v -0.2240 0.4548 2.6012
v -0.1435 0.2914 2.6440
v -0.0886 0.1799 2.7000
v -0.8173 1.0176 2.4000
v -0.7856 0.9781 2.4560
v -0.7022 0.8743 2.4988
v -0.5847 0.7280 2.5338
v -0.4507 0.5612 2.5662
v -0.3178 0.3957 2.6012
v -0.2036 0.2535 2.6440
v -0.1257 0.1565 2.7000
v -1.0176 0.8173 2.4000
v -0.9781 0.7856 2.4560
v -0.8743 0.7022 2.4988
v -0.7280 0.5847 2.5338
v -0.5612 0.4507 2.5662
v -0.3957 0.3178 2.6012
v -0.2535 0.2036 2.6440
v -0.1565 0.1257 2.7000
v -1.1696 0.5761 2.4000
v -1.1242 0.5537 2.4560
v -1.0049 0.4950 2.4988
v -0.8368 0.4121 2.5338
v -0.6450 0.3177 2.5662
v -0.4548 0.2240 2.6012
v -0.2914 0.1435 2.6440
v -0.1799 0.0886 2.7000
v -1.2662 0.3012 2.4000
v -1.2171 0.2895 2.4560
v -1.0879 0.2588 2.4988
v -0.9058 0.2155 2.5338
v -0.6983 0.1661 2.5662
v -0.4924 0.1171 2.6012
v -0.3155 0.0751 2.6440
v -0.1948 0.0463 2.7000
v -1.3000 0.0000 2.4000
v -1.2496 0.0000 2.4560
v -1.1169 0.0000 2.4988
v -0.9300 0.0000 2.5338
v -0.7169 0.0000 2.5662
v -0.5055 0.0000 2.6012
v -0.3239 0.0000 2.6440
v -0.2000 0.0000 2.7000
v 1.3000 0.0000 2.4000
v 1.2496 0.0000 2.4560
v 1.1169 0.0000 2.4988
v 0.9300 0.0000 2.5338
v 0.7169 0.0000 2.5662
v 0.5055 0.0000 2.6012
v 0.3239 0.0000 2.6440
v 0.2000 0.0000 2.7000
v 1.2662 0.3012 2.4000
v 1.2171 0.2895 2.4560
v 1.0879 0.2588 2.4988
v 0.9058 0.2155 2.5338
v 0.6983 0.1661 2.5662
v 0.4924 0.1171 2.6012
v 0.3155 0.0751 2.6440
v 0.1948 0.0463 2.7000
v 1.1696 0.5761 2.4000
v 1.1242 0.5537 2.4560
v 1.0049 0.4950 2.4988
v 0.8368 0.4121 2.5338
v 0.6450 0.3177 2.5662
v 0.4548 0.2240 2.6012
v 0.2914 0.1435 2.6440
v 0.1799 0.0886 2.7000
v 1.0176 0.8173 2.4000
v 0.9781 0.7856 2.4560
v 0.8743 0.7022 2.4988
v 0.7280 0.5847 2.5338
v 0.5612 0.4507 2.5662
v 0.3957 0.3178 2.6012
v 0.2535 0.2036 2.6440
v 0.1565 0.1257 2.7000
v 0.8173 1.0176 2.4000
v 0.7856 0.9781 2.4560
v 0.7022 0.8743 2.4988
v 0.5847 0.7280 2.5338
v 0.4507 0.5612 2.5662
v 0.3178 0.3957 2.6012
v 0.2036 0.2535 2.6440
v 0.1257 0.1565 2.7000
v 0.5761 1.1696 2.4000
v 0.5537 1.1242 2.4560
v 0.4950 1.0049 2.4988
v 0.4121 0.8368 2.5338
v 0.3177 0.6450 2.5662
v 0.2240 0.4548 2.6012
v 0.1435 0.2914 2.6440
v 0.0886 0.1799 2.7000
v 0.3012 1.2662 2.4000
v 0.2895 1.2171 2.4560
v 0.2588 1.0879 2.4988
v 0.2155 0.9058 2.5338
v 0.1661 0.6983 2.5662
v 0.1171 0.4924 2.6012
v 0.0751 0.3155 2.6440
v 0.0463 0.1948 2.7000
v 0.0000 1.3000 2.4000
v 0.0000 1.2496 2.4560
v 0.0000 1.1169 2.4988
v 0.0000 0.9300 2.5338
v 0.0000 0.7169 2.5662
v 0.0000 0.5055 2.6012
v 0.0000 0.3239 2.6440
v 0.0000 0.2000 2.7000
f 1 9 10 2
f 2 10 11 3
f 3 11 12 4
f 4 12 13 5
f 5 13 14 6
f 6 14 15 7
f 7 15 16 8
f 9 17 18 10
f 10 18 19 11
f 11 19 20 12
f 12 20 21 13
f 13 21 22 14
f 14 22 23 15
f 15 23 24 16
f 17 25 26 18
f 18 26 27 19
f 19 27 28 20
f 20 28 29 21
f 21 29 30 22
f 22 30 31 23
f 23 31 32 24
f 25 33 34 26
f 26 34 35 27
f 27 35 36 28
f 28 36 37 29
f 29 37 38 30
f 30 38 39 31
f 31 39 40 32
f 33 41 42 34
f 34 42 43 35
f 35 43 44 36
f 36 44 45 37
f 37 45 46 38
f 38 46 47 39
f 39 47 48 40
f 41 49 50 42
f 42 50 51 43
f 43 51 52 44
f 44 52 53 45
f 45 53 54 46
f 46 54 55 47
f 47 55 56 48
f 49 57 58 50
f 50 58 59 51
f 51 59 60 52
f 52 60 61 53
f 53 61 62 54
f 54 62 63 55
f 55 63 64 56
f 65 73 74 66
f 66 74 75 67
f 67 75 76 68
f 68 76 77 69
f 69 77 78 70
f 70 78 79 71
f 71 79 80 72
f 73 81 82 74
f 74 82 83 75
f 75 83 84 76
f 76 84 85 77
f 77 85 86 78
f 78 86 87 79
f 79 87 88 80
f 81 89 90 82
f 82 90 91 83
f 83 91 92 84
f 84 92 93 85
f 85 93 94 86
f 86 94 95 87
f 87 95 96 88
f 89 97 98 90
f 90 98 99 91
f 91 99 100 92
f 92 100 101 93
f 93 101 102 94
f 94 102 103 95
f 95 103 104 96
f 97 105 106 98
f 98 106 107 99
f 99 107 108 100
f 100 108 109 101
f 101 109 110 102
f 102 110 111 103
f 103 111 112 104
f 105 113 114 106
f 106 114 115 107
f 107 115 116 108
f 108 116 117 109
f 109 117 118 110
f 110 118 119 111
f 111 119 120 112
f 113 121 122 114
f 114 122 123 115
f 115 123 124 116
f 116 124 125 117
f 117 125 126 118
f 118 126 127 119
f 119 127 128 120
f 129 137 138 130
f 130 138 139 131
f 131 139 140 132
f 132 140 141 133
f 133 141 142 134
f 134 142 143 135
f 135 143 144 136
f 137 145 146 138
f 138 146 147 139
f 139 147 148 140
f 140 148 149 141
f 141 149 150 142
f 142 150 151 143
f 143 151 152 144
f 145 153 154 146
f 146 154 155 147
f 147 155 156 148
f 148 156 157 149
f 149 157 158 150
f 150 158 159 151
f 151 159 160 152
f 153 161 162 154
f 154 162 163 155
f 155 163 164 156
f 156 164 165 157
f 157 165 166 158
f 158 166 167 159
f 159 167 168 160
f 161 169 170 162
f 162 170 171 163
f 163 171 172 164
f 164 172 173 165
f 165 173 174 166
f 166 174 175 167
f 167 175 176 168
f 169 177 178 170
f 170 178 179 171
f 171 179 180 172
f 172 180 181 173
f 173 181 182 174
f 174 182 183 175
f 175 183 184 176
f 177 185 186 178
f 178 186 187 179
f 179 187 188 180
f 180 188 189 181
f 181 189 190 182
f 182 190 191 183
f 183 191 192 184
f 193 201 202 194
f 194 202 203 195
f 195 203 204 196
f 196 204 205 197
f 197 205 206 198
f 198 206 207 199
f 199 207 208 200
f 201 209 210 202
f 202 210 211 203
f 203 211 212 204
f 204 212 213 205
f 205 213 214 206
f 206 214 215 207
f 207 215 216 208
f 209 217 218 210
f 210 218 219 211
f 211 219 220 212
f 212 220 221 213
f 213 221 222 214
f 214 222 223 215
f 215 223 224 216
f 217 225 226 218
f 218 226 227 219
f 219 227 228 220
f 220 228 229 221
f 221 229 230 222
f 222 230 231 223
f 223 231 232 224
f 225 233 234 226
f 226 234 235 227
f 227 235 236 228
f 228 236 237 229
f 229 237 238 230
f 230 238 239 231
f 231 239 240 232
f 233 241 242 234
f 234 242 243 235
f 235 243 244 236
f 236 244 245 237
f 237 245 246 238
f 238 246 247 239
f 239 247 248 240
f 241 249 250 242
f 242 250 251 243
f 243 251 252 244
f 244 252 253 245
f 245 253 254 246
f 246 254 255 247
f 247 255 256 248
f 257 265 266 258
f 258 266 267 259
f 259 267 268 260
f 260 268 269 261
f 261 269 270 262
f 262 270 271 263
f 263 271 272 264
f 265 273 274 266
f 266 274 275 267
f 267 275 276 268
f 268 276 277 269
f 269 277 278 270
f 270 278 279 271
f 271 279 280 272
f 273 281 282 274
f 274 282 283 275
f 275 283 284 276
f 276 284 285 277
f 277 285 286 278
f 278 286 287 279
f 279 287 288 280
f 281 289 290 282
f 282 290 291 283
f 283 291 292 284
f 284 292 293 285
f 285 293 294 286
f 286 294 295 287
f 287 295 296 288
f 289 297 298 290
f 290 298 299 291
f 291 299 300 292
f 292 300 301 293
f 293 301 302 294
f 294 302 303 295
f 295 303 304 296
f 297 305 306 298
f 298 306 307 299
f 299 307 308 300
f 300 308 309 301
f 301 309 310 302
f 302 310 311 303
f 303 311 312 304
f 305 313 314 306
f 306 314 315 307
f 307 315 316 308
f 308 316 317 309
f 309 317 318 310
f 310 318 319 311
f 311 319 320 312
f 321 329 330 322
f 322 330 331 323
f 323 331 332 324
f 324 332 333 325
f 325 333 334 326
f 326 334 335 327
f 327 335 336 328
f 329 337 338 330
f 330 338 339 331
f 331 339 340 332
f 332 340 341 333
f 333 341 342 334
f 334 342 343 335
f 335 343 344 336
f 337 345 346 338
f 338 346 347 339
f 339 347 348 340
f 340 348 349 341
f 341 349 350 342
f 342 350 351 343
f 343 351 352 344
f 345 353 354 346
f 346 354 355 347
f 347 355 356 348
f 348 356 357 349
f 349 357 358 350
f 350 358 359 351
f 351 359 360 352
f 353 361 362 354
f 354 362 363 355
f 355 363 364 356
f 356 364 365 357
f 357 365 366 358
f 358 366 367 359
f 359 367 368 360
f 361 369 370 362
f 362 370 371 363
f 363 371 372 364
f 364 372 373 365
f 365 373 374 366
f 366 374 375 367
f 367 375 376 368
f 369 377 378 370
f 370 378 379 371
f 371 379 380 372
f 372 380 381 373
f 373 381 382 374
f 374 382 383 375
f 375 383 384 376
f 385 393 394 386
f 386 394 395 387
f 387 395 396 388
f 388 396 397 389
f 389 397 398 390
f 390 398 399 391
f 391 399 400 392
f 393 401 402 394
f 394 402 403 395
f 395 403 404 396
f 396 404 405 397
f 397 405 406 398
f 398 406 407 399
f 399 407 408 400
f 401 409 410 402
f 402 410 411 403
f 403 411 412 404
f 404 412 413 405
f 405 413 414 406
f 406 414 415 407
f 407 415 416 408
f 409 417 418 410
f 410 418 419 411
f 411 419 420 412
f 412 420 421 413
f 413 421 422 414
f 414 422 423 415
f 415 423 424 416
f 417 425 426 418
f 418 426 427 419
f 419 427 428 420
f 420 428 429 421
f 421 429 430 422
f 422 430 431 423
f 423 431 432 424
f 425 433 434 426
f 426 434 435 427
f 427 435 436 428
f 428 436 437 429
f 429 437 438 430
f 430 438 439 431
f 431 439 440 432
f 433 441 442 434
f 434 442 443 435
f 435 443 444 436
f 436 444 445 437
f 437 445 446 438
f 438 446 447 439
f 439 447 448 440
f 449 457 458 450
f 450 458 459 451
f 451 459 460 452
f 452 460 461 453
f 453 461 462 454
f 454 462 463 455
f 455 463 464 456
f 457 465 466 458
f 458 466 467 459
f 459 467 468 460
f 460 468 469 461
f 461 469 470 462
f 462 470 471 463
f 463 471 472 464
f 465 473 474 466
f 466 474 475 467
f 467 475 476 468
f 468 476 477 469
f 469 477 478 470
f 470 478 479 471
f 471 479 480 472
f 473 481 482 474
f 474 482 483 475
f 475 483 484 476
f 476 484 485 477
f 477 485 486 478
f 478 486 487 479
f 479 487 488 480
f 481 489 490 482
f 482 490 491 483
f 483 491 492 484
f 484 492 493 485
f 485 493 494 486
f 486 494 495 487
f 487 495 496 488
f 489 497 498 490
f 490 498 499 491
f 491 499 500 492
f 492 500 501 493
f 493 501 502 494
f 494 502 503 495
f 495 503 504 496
f 497 505 506 498
f 498 506 507 499
f 499 507 508 500
f 500 508 509 501
f 501 509 510 502
f 502 510 511 503
f 503 511 512 504
w -5.0 -4.0 5.0 4.0
s 0.1 0.1 0.9 0.9
